将每一个元素，看做是一个节点，每个节点都只有一个指针，来指向另外的一个节点(元素)，根节点的指针指向自己
比如有一个节点3，要把节点3和节点2连接在一起，就是让节点3指向节点2，节点2是整颗树的根节点，根节点的指针指向自己
此时如果节点1要和节点3连接，只需要节点1所在树的根节点指向节点3所在树的根节点，即节点1指向节点2
此时如果节点5要和节点3连接，只需要节点5所在树的根节点指向节点3所在树的根节点，即节点5指向节点2
此时如果节点6要和节点1连接，只需要节点6所在树的根节点指向节点1所在树的根节点，即节点5指向节点2
此时根节点还是节点2

6 -> 5 <- 7
     |
3 -> 2 <-
     |
     1

上述表示还是可以用数组来表示
            0   1   2   3   4   5   6   7   8   9
parent      0   1   2   3   4   5   6   7   8   9
parent[i]表示第i元素所在的节点所指向的元素节点
初始化时parent[i]=i，即每个元素都指向了自己

union(4,3)
            0   1   2   3   4   5   6   7   8   9
parent      0   1   2   3   3   5   6   7   8   9
parent[4]=3

union(3,8)
            0   1   2   3   4   5   6   7   8   9
parent      0   1   2   8   3   5   6   7   8   9
parent[3]=8

union(6,5)
            0   1   2   3   4   5   6   7   8   9
parent      0   1   2   8   3   5   5   7   8   9
parent[6]=5

union(9,4)
            0   1   2   3   4   5   6   7   8   9
parent      0   1   2   8   3   5   5   7   8   8
parent[9]=parent[parent[parent[4]]]=8
          parent[4]=3
          parent[3]=8
          parent[8]=8

union(6,9)
            0   1   2   3   4   5   6   7   8   9
parent      0   1   2   8   3   8   5   7   8   8
parent[parent[6]]=parent[5]  =  parent[parent[9]]=parent[8]=8


is_connected操作
    需要查询两个元素节 点的根节点，然后判断其是否相等，相等的话就是连接在一起的，否则没有连接